0.000000000000000000e+00
9.535840246077462723e+00
8.632447803797667518e+00
7.776652863556370754e+00
7.144968353561583108e+00
6.476688057361872808e+00
5.739419109934882357e+00
5.151673022878040520e+00
4.604013224476539712e+00
4.065344924942325910e+00
3.545062554575082459e+00
3.187311662837424731e+00
2.986047101333654918e+00
2.656829165008990579e+00
2.570825490858122730e+00
2.336482535363131330e+00
2.030282104752277217e+00
1.971468626685703551e+00
1.827536158444892811e+00
1.703121734531908738e+00
1.544711595730164699e+00
1.430371475208941145e+00
1.318445603956872603e+00
1.241042262522674466e+00
1.204702428048685992e+00
1.134443931874251632e+00
1.106534886129610040e+00
1.070502740488463056e+00
8.560078731888465242e-01
7.209485154800137074e-01
6.934980484579118531e-01
5.237490937316264805e-01
3.639639021918609774e-01
4.383694584563639918e-01
4.002142430750081914e-01
2.725389261447775380e-01
1.451895807467422639e-01
1.655707270201450809e-01
3.044760811918454380e-01
3.418558772975303084e-01
2.968395006954268611e-01
2.769094321465215836e-01
2.860975224236324554e-01
2.975690545224743966e-01
2.426878162662326477e-01
2.079116300887834112e-01
2.024918509283118451e-01
1.252300852415394739e-01
8.888267515448870781e-02
1.824590907716111543e-01
1.473301105266185684e-01
1.482981994065443176e-01
1.383172153859889841e-01
7.168147658867721206e-02
-3.378752313042791833e-02
-6.309970122043541407e-02
9.349837264278015869e-03
9.289964798216900077e-02
1.952147077911691730e-01
1.009655302554238743e-01
1.352305747543582903e-01
4.029526979951374155e-02
-1.744245486804303635e-03
-1.008239084881367986e-01
-7.391713464121792143e-02
-1.404983173370812355e-01
-9.481005251052243565e-02
-7.388694143994886665e-03
-3.628945755106854909e-02
-6.311122751135128661e-02
-3.124079768144624042e-02
-8.174628661304700339e-02
-1.674208307634523357e-02
-7.915605284267418496e-02
5.375433384219779898e-03
-6.012358106578255534e-02
-4.586388164513921506e-02
-4.862760561060215647e-02
-4.800749342677727849e-02
-5.496105235416947482e-02
-3.320898392346945116e-02
-4.496609835819469214e-02
1.061094243298123102e-01
7.713627940690588602e-02
2.569781525502617264e-02
1.847731108503786190e-02
6.059528873179519104e-02
2.088711438100475382e-02
1.396867818301429365e-01
3.000978774411447447e-02
5.045162069307342068e-02
1.870762144393054438e-01
9.777259138751281942e-02
-9.744952954840302439e-02
-1.326153272219013080e-01
-7.306011457409689047e-02
-1.304695263027660923e-01
-1.553080311535645353e-01
-9.520951129641470889e-02
-1.181129219547341486e-01
-1.598258537621327635e-01
