-2.426416640481025233e+00
-2.515667767703482660e+00
-2.418863743170585057e+00
-2.568449653097562457e+00
-2.313008371876025926e+00
-2.445241931878913810e+00
-2.234842622140329027e+00
-2.208334971239099165e+00
-2.086248407259942983e+00
-2.033616593392584271e+00
-1.949527676088273820e+00
-2.105055531049551121e+00
-2.008338993707553310e+00
-1.756883785240830775e+00
-1.723732576336702182e+00
-1.800972380306071319e+00
-1.495306861506155771e+00
-1.567045039288262887e+00
-1.521051514477509636e+00
-1.223002243436684067e+00
-1.260102489799015402e+00
-1.154652151764090640e+00
-1.022425181708280562e+00
-1.057686073668805626e+00
-8.340019392148625421e-01
-9.088274069719524118e-01
-6.734960872740337612e-01
-5.700823129157609470e-01
-5.943218040281338377e-01
-6.082055599435084448e-01
-2.660217426386605744e-01
-1.480155887158970673e-01
-1.818641283879007253e-01
-1.814143153527495930e-02
2.371140023568643063e-01
1.395140547136920484e-01
4.000803807157650160e-01
5.166225879883108441e-01
5.948591435464155586e-01
7.637332487280632520e-01
8.163023553157651158e-01
8.745601015776438558e-01
1.040288567929698482e+00
9.812980719207653468e-01
1.156958759588670338e+00
1.407516409615156228e+00
1.394750529934322358e+00
1.475270035492977971e+00
1.491173039295048408e+00
1.734158119559265909e+00
1.831937308351686111e+00
1.852672345736963821e+00
2.063006193104555575e+00
2.052795122218541213e+00
2.112492105539695242e+00
2.403198121439369395e+00
2.121653720900714912e+00
2.301611813277504304e+00
2.480804466828841814e+00
2.655634428298239591e+00
2.687607998383372276e+00
2.645064997968941345e+00
2.890051537987404551e+00
2.759893420059019498e+00
3.051669293131226812e+00
3.156847910580352412e+00
3.173538984940164287e+00
3.186107875498794151e+00
3.382449404531508552e+00
3.234243809198815711e+00
3.473092007589850816e+00
3.468111456060876119e+00
3.716539231096140039e+00
3.585304789284914140e+00
3.544569045213792791e+00
3.654563691460919639e+00
3.674433911602791536e+00
3.760770743101486957e+00
3.904620139441813631e+00
3.904528485382488867e+00
3.775337956305648390e+00
3.791416831486873917e+00
3.900425394949385449e+00
3.931094137629783880e+00
4.065367726490273448e+00
4.145112290545597489e+00
3.980843388076549694e+00
4.072163389215577745e+00
4.051652271686823958e+00
4.067492925481181132e+00
4.168935188577089335e+00
4.336521408099703656e+00
4.145068204295621506e+00
4.115004594440269337e+00
4.268880372604213491e+00
4.318595875593215005e+00
4.228353977835287658e+00
4.283378944929274290e+00
4.121160931740241118e+00
4.247027724366517987e+00
4.223077987424534996e+00
4.285127724444045327e+00
4.323112625030883116e+00
4.361061014524522328e+00
4.175880136579813495e+00
4.283353514233622761e+00
4.285731804094001340e+00
4.119936152435495380e+00
4.160156940750422194e+00
4.097461716138646182e+00
4.277795538144820497e+00
4.135901016917974182e+00
4.306867434373390147e+00
4.221251887441090034e+00
4.182475432092018330e+00
4.053259026438472468e+00
3.991496227302188782e+00
4.010761087834821659e+00
3.821819927962833319e+00
3.947361988282384715e+00
3.941074934629600790e+00
3.917614214745370749e+00
3.873610771127697028e+00
4.017837294061548548e+00
3.700449296925238496e+00
3.837043542004271224e+00
3.913474491025131563e+00
3.797940005493688709e+00
3.810370963449811299e+00
3.670740679466327983e+00
3.622447431917133365e+00
3.456023824038961578e+00
3.529449732831713593e+00
3.451741588514780634e+00
3.499290147135987628e+00
3.415798003670222460e+00
3.480307406780534851e+00
3.384373747807946753e+00
3.420549744028655859e+00
3.404939054172600787e+00
3.269665770419313944e+00
3.264632002009500322e+00
3.277851038395390493e+00
3.413137153078670050e+00
3.191151146991574095e+00
3.096024782942231379e+00
2.979775432138051183e+00
3.011202679396825843e+00
2.927032593877045397e+00
2.917160637689865776e+00
2.805537933614890456e+00
2.864458654252812320e+00
2.717317786872796237e+00
2.927322904579481300e+00
2.916254259065271359e+00
2.710765941805822976e+00
2.706055899710432477e+00
2.779904886285690324e+00
2.702691892726066580e+00
2.637156923104694517e+00
2.538367080671826148e+00
2.627820960491295654e+00
2.460326176702751333e+00
2.495403024102859302e+00
2.487334495793421585e+00
2.533548057783787222e+00
2.404795281731969769e+00
2.525440248813791921e+00
2.407021197159886938e+00
2.329305366719225834e+00
2.314509595881109050e+00
2.166461632433994922e+00
2.270432781880979523e+00
2.252453827337012715e+00
2.270710937881846636e+00
2.224088073152111988e+00
2.156822978360053877e+00
2.119278271486960019e+00
2.203476463123659634e+00
2.013176501469394530e+00
2.051038324702612936e+00
2.173935223982874199e+00
2.019669821242120467e+00
2.120139274058594037e+00
1.938126533987515554e+00
1.764322180469155343e+00
1.953625851445261796e+00
1.992543384223930403e+00
1.984181176253698942e+00
1.964793534735334246e+00
2.053881204229967672e+00
1.895277408964124888e+00
1.907495140354223517e+00
1.973515847482675944e+00
1.885890843533019279e+00
1.851554680117979634e+00
1.852363517247590075e+00
1.952084402109146799e+00
1.757165857517921870e+00
1.806543537127714760e+00
1.833116756004561143e+00
1.929751188021767039e+00
1.796848539007235512e+00
1.859366811723341062e+00
1.822557095227266499e+00
1.888132521391221230e+00
1.837070099178394589e+00
1.819758719370903721e+00
1.883968025085049680e+00
1.996606952564073723e+00
1.940915920316374832e+00
1.884913496845662007e+00
1.913625492524566818e+00
1.783891646945480636e+00
1.821541583609837200e+00
1.908111213456905597e+00
1.967001795841005540e+00
1.783535202644105588e+00
2.070407183397232842e+00
1.954237307762892284e+00
2.056170212905231054e+00
1.959019303579727866e+00
1.868323253565115971e+00
2.059522933445562476e+00
1.894035683723090724e+00
1.997542078025325907e+00
2.014113240070078525e+00
1.917058888096540681e+00
2.179919839265109349e+00
2.192307041511059484e+00
2.177153092366473253e+00
1.908850871608716249e+00
2.034095361902143573e+00
2.104081203484438056e+00
2.058465653433731113e+00
2.120552442606332910e+00
2.068881959520534330e+00
2.197893740482983027e+00
2.140772818389277798e+00
2.088159682988870003e+00
2.227428374097879527e+00
2.256593990287353968e+00
2.202123130852181809e+00
2.293585310162319590e+00
2.350503572403259689e+00
2.335766501153528019e+00
2.212543109232437910e+00
2.291261467411723984e+00
2.131399320253145380e+00
2.336259183429396202e+00
2.375044132456691326e+00
2.154203026422988998e+00
2.313917765336103383e+00
2.254788413689767790e+00
2.223155820355832368e+00
2.297353007421884641e+00
2.350918135648037754e+00
2.398185758222676434e+00
2.266638778324511883e+00
2.414573181838885141e+00
2.455298958770291140e+00
2.367127524463683130e+00
2.431438531302578365e+00
2.514311465807522517e+00
2.509153013620075257e+00
2.370120678627622102e+00
2.462967899894329626e+00
2.535479188784565352e+00
2.553393895671955516e+00
2.683271540546714906e+00
2.550079413057157574e+00
2.580661694042185594e+00
2.473180617870463838e+00
2.336779582874554784e+00
2.511145276590514008e+00
2.590166111357631085e+00
2.675268461479152204e+00
2.678919997739920511e+00
2.639537213790582815e+00
2.568928369770123954e+00
2.572190751886394011e+00
2.626255176284508774e+00
2.638463096111272499e+00
2.684976517424703779e+00
2.584257365668007012e+00
2.671915166891972948e+00
2.773180667236882169e+00
2.678561487429945487e+00
2.653377846493401915e+00
2.697546343816306980e+00
2.654715989216394512e+00
2.747176908270875462e+00
2.639753039013078340e+00
2.752375196107139654e+00
2.723787410781323359e+00
2.615112798665595317e+00
2.641845253947869843e+00
2.676838655527074451e+00
2.764405392132036177e+00
2.726418634861246915e+00
2.786187260085472683e+00
2.735387707791302248e+00
2.710062842083436951e+00
2.581026573931854973e+00
2.714768782044024498e+00
2.844520254439526052e+00
2.716632545769063434e+00
2.644252153671967864e+00
2.782793014299961065e+00
2.720477962848550479e+00
2.799369704316462482e+00
2.600124959950850911e+00
2.716550462526416965e+00
2.855020827207671807e+00
2.677246922307522148e+00
2.719641934178623544e+00
2.613356407738693488e+00
2.644052832466075476e+00
2.802218942997021234e+00
2.608566075256635752e+00
2.767154273621970528e+00
2.769285032772572652e+00
2.710369396232687134e+00
2.685500285272105714e+00
2.748871371532793706e+00
2.795946311650487015e+00
2.766351999895900970e+00
2.606162735131193120e+00
2.633194620740515468e+00
2.659653481963216937e+00
2.777474696892951567e+00
2.793622053278130846e+00
2.692265445904539867e+00
2.774045191571399727e+00
2.571603286032331237e+00
2.587249341301538941e+00
2.659318731612731579e+00
2.571151051490125905e+00
2.558065556781552896e+00
2.698484572034999474e+00
2.685911244938436582e+00
2.571309617050791196e+00
2.586527021999382114e+00
2.743301612546369839e+00
2.722088961200455515e+00
2.669986000310618390e+00
2.600416809910581772e+00
2.633583353611657074e+00
2.672974871127208552e+00
2.628697341728388981e+00
2.548163993762856627e+00
2.545605299091576956e+00
2.546648159214937923e+00
2.646207785621104591e+00
2.443037357173499124e+00
2.543934059015564575e+00
2.708916426001546363e+00
2.594593832594551674e+00
2.583333925886045268e+00
2.546694997958427908e+00
2.581754251997744998e+00
2.478521295353297571e+00
2.578791529010449057e+00
2.521796182549304266e+00
2.487781948185662007e+00
2.572417708778469869e+00
2.615442557613758545e+00
2.601418074880657016e+00
2.576299941616165601e+00
2.478861446887837605e+00
2.572046743011290548e+00
2.486975607649954512e+00
2.576803027846303440e+00
2.456805471579640798e+00
2.516748335176592910e+00
2.445177054523875348e+00
2.615492650779854600e+00
2.494968407557207168e+00
2.561721013365994448e+00
2.295528787878584165e+00
2.447455950682678072e+00
2.440821423615201713e+00
2.511510230706881508e+00
2.429331998463309272e+00
2.411231682223057948e+00
2.400388457502881323e+00
2.431832204151488153e+00
2.438721949951744072e+00
2.481689083583315636e+00
2.402096948964286049e+00
2.497434769246982267e+00
2.438406996954664674e+00
2.337334496724553734e+00
2.413911195067560911e+00
2.435364898085701224e+00
2.531324648494483576e+00
2.324832698034770662e+00
2.386149714059514704e+00
2.343801553135619553e+00
2.423901221800592864e+00
2.443394765091568388e+00
2.306736486408448972e+00
2.463690311307234815e+00
2.430564604002975138e+00
2.488460132752833509e+00
2.465350241567799028e+00
2.356577837234841155e+00
2.384039000110645290e+00
2.508242085869867299e+00
2.524058070021853339e+00
2.594160816811168502e+00
2.446268960306308138e+00
2.430115503768974339e+00
2.452480472516263887e+00
2.363117737708934740e+00
2.297544554667365180e+00
2.476935400284765443e+00
2.487987357341656214e+00
2.559485883813226614e+00
2.386951151244824487e+00
2.310146085172860797e+00
2.339462217342007211e+00
2.408410129999220661e+00
2.280665373069820312e+00
2.612046871181857188e+00
2.244650744158730227e+00
2.474945558698035342e+00
2.406920685708124896e+00
2.487883980704829856e+00
2.458291079579045135e+00
2.447308877238527636e+00
2.371570793932727295e+00
2.320519185308596466e+00
2.390533003764448328e+00
2.539054899677215094e+00
2.470717869510646203e+00
2.362126125582683311e+00
2.444277142139547720e+00
2.482309211144076322e+00
2.622605284042061058e+00
2.473605975292731074e+00
2.413823822363255989e+00
2.549686987490645595e+00
2.385229759686697371e+00
2.589138824461113764e+00
2.588701468354365431e+00
2.481929059435395768e+00
2.469676219349450363e+00
2.445964551760275274e+00
2.415993064269946977e+00
2.413838087009242628e+00
2.519710486380430048e+00
2.373102158933977801e+00
2.479984834627519952e+00
2.343037793248914369e+00
2.530188764838177562e+00
2.230208458231009327e+00
2.485046194689780830e+00
2.447379423417164634e+00
2.452308543601436241e+00
2.393189089498732880e+00
2.486741773356531127e+00
2.477440194036280463e+00
2.498996366007209424e+00
2.502039901543893663e+00
2.578745140115837220e+00
2.395318806914056076e+00
2.582211646066340016e+00
2.504382607225881241e+00
2.341536892357568345e+00
2.492364039109562501e+00
2.437454079799367790e+00
2.507106818635541856e+00
2.380792265539089403e+00
2.532123107471599965e+00
2.351304958739289130e+00
2.489821479586782793e+00
2.569073152490462419e+00
2.478585240130160461e+00
2.428687769748641756e+00
2.434194063545122688e+00
2.504918894428585396e+00
2.570437320775396994e+00
2.397106573604308899e+00
2.420571396384104457e+00
2.579427225785021704e+00
2.457994791290963210e+00
2.407002114233648626e+00
2.591144007611370981e+00
2.436447024317478949e+00
2.544880844775549988e+00
2.539934247576578041e+00
2.669736698762404714e+00
2.554183980647309227e+00
2.563729439323444215e+00
2.578151178387218412e+00
2.476351012165727727e+00
2.356694569128990668e+00
2.397872181214101506e+00
2.571546552115441031e+00
2.541262266961815453e+00
2.614187542447783397e+00
2.574981162233756393e+00
2.591677589022038042e+00
2.414620197806558899e+00
2.592258917708857524e+00
2.586059823824662374e+00
2.315145745350412287e+00
2.737316385408349984e+00
2.423167497420253724e+00
2.627997170532158311e+00
2.538149223065425897e+00
2.662619986224652457e+00
2.602005865485837344e+00
2.560339474094031953e+00
2.632298449595361856e+00
2.579921075018959176e+00
2.445453200421743301e+00
2.516244960733426961e+00
2.613946602015237985e+00
2.564888039066296255e+00
2.442156734172479471e+00
2.626268569560628485e+00
2.460382796977514719e+00
2.789391214326945700e+00
2.585792545011131871e+00
2.527578938476916282e+00
2.581806350844327191e+00
2.534950729499081845e+00
2.475167278222000888e+00
2.477025120432113869e+00
2.512312877905853448e+00
2.491599946584045711e+00
2.537771839058171608e+00
2.466612398193058109e+00
2.654465931277032897e+00
2.515603011484272677e+00
2.549372328282176081e+00
2.607028145629885163e+00
2.614201631957473015e+00
2.466401130165934763e+00
2.667445170236073082e+00
2.534949058211030337e+00
2.404195157695880880e+00
2.502569595776499511e+00
2.582022960945861811e+00
2.557056662195636321e+00
2.662589206981781587e+00
2.628071122656527425e+00
2.461438847847969846e+00
2.372539467256601586e+00
2.505728796829086669e+00
2.611116405109565441e+00
2.513418990171016443e+00
2.424895129290520313e+00
2.512775555992286858e+00
2.527347589123607463e+00
2.360403964228634521e+00
2.456824500488333118e+00
2.397432046618005241e+00
2.510468877060852755e+00
2.453837326594961787e+00
2.592770770330720786e+00
2.404689744269775886e+00
2.536560534454133986e+00
2.583369565338274221e+00
2.592751603573491881e+00
2.608774073232683843e+00
2.485318887245770547e+00
2.497313759991825144e+00
2.476203821147788808e+00
2.739803009502537190e+00
2.559471243554762854e+00
2.479247008571772604e+00
2.499458678341640816e+00
2.560984734787371320e+00
2.624832766402634743e+00
2.407825120483566561e+00
2.497205800021194744e+00
2.466172975542081591e+00
2.599054199841033252e+00
2.390037884470816998e+00
2.512103888380186945e+00
2.521624025364582522e+00
2.642774205969220969e+00
2.478755954654622951e+00
2.600490730109100035e+00
2.585040851832584696e+00
2.634190258870854784e+00
2.358412686574356876e+00
2.586486046935092098e+00
2.534397728291049923e+00
2.524777111933587559e+00
2.521403861457173878e+00
2.605315449209034462e+00
2.689188467317871645e+00
2.545775501018459508e+00
2.483450681156192275e+00
2.486746890128790355e+00
2.456059246362890747e+00
2.452390340524589263e+00
